already_collected.txt
286755
2249688
2122067
455786
197970
937159
1521389
63381
1064760
1917959
364711
1981483
815747
286755
2249688
2122067
455786
197970
937159
1521389
63381
1064760
1917959
364711
1981483
815747
686726
888456
1249075
179148
187276
674019
926204
937263
349026
176763
1387642
2197444
276818
731593
1024600
177322
529706
396337
915682
1907692
953624
2443897
133468
969483
1375472
895478
551256
1070534
1100685
660378
934481
1791820
286755
2249688
2122067
455786
197970
937159
1521389
63381
1064760
1917959
364711
1981483
815747
686726
888456
1249075
179148
187276
674019
926204
937263
349026
176763
1387642
2197444
276818
731593
1024600
177322
529706
396337
915682
1907692
953624
2443897
133468
969483
1375472
895478
551256
1070534
1100685
660378
934481
1791820
286755
2249688
2122067
455786
197970
937159
1521389
63381
1064760
1917959
364711
1981483
815747
686726
888456
1249075
179148
187276
674019
926204
937263
349026
176763
1387642
2197444
276818
731593
1024600
177322
529706
396337
915682
1907692
953624
2443897
133468
969483
1375472
895478
551256
1070534
1100685
660378
934481
1791820
286755
2249688
2122067
455786
197970
937159
1521389
63381
1064760
1917959
364711
1981483
815747
686726
888456
1249075
179148
187276
674019
926204
937263
349026
176763
1387642
2197444
276818
731593
1024600
177322
529706
396337
915682
1907692
953624
2443897
133468
969483
1375472
895478
551256
1070534
1100685
660378
934481
1791820
286755
2249688
2122067
455786
197970
937159
1521389
63381
1064760
1917959
364711
1981483
815747
686726
888456
1249075
179148
187276
674019
926204
937263
349026
176763
1387642
2197444
276818
731593
1024600
177322
529706
396337
915682
1907692
953624
2443897
133468
969483
1375472
895478
551256
1070534
1100685
660378
934481
1791820
776239
297639
1045016
1285976
1054838
1781124
329335
1697140
312418
234348
1697163
540304
423254
776239
297639
1045016
1285976
1054838
1781124
329335
1697140
312418
234348
1697163
540304
423254
206934
234291
1286078
1053687
2288691
345947
1286027
348527
199655
361631
833849
868772
312466
240284
733178
348723
2288670
875200
1538149
293286
691744
2295043
825709
1331135
329271
538273
939853
866540
960904
1331116
943159
676606
776239
297639
1045016
1285976
1054838
1781124
329335
1697140
312418
234348
1697163
540304
423254
206934
234291
1286078
1053687
2288691
345947
1286027
348527
199655
361631
833849
868772
312466
240284
733178
348723
2288670
875200
1538149
293286
691744
2295043
825709
1331135
329271
538273
939853
866540
960904
1331116
943159
676606
776239
297639
1045016
1285976
1054838
1781124
329335
1697140
312418
234348
1697163
540304
423254
206934
234291
1286078
1053687
2288691
345947
1286027
348527
199655
361631
833849
868772
312466
240284
733178
348723
2288670
875200
1538149
293286
691744
2295043
825709
1331135
329271
538273
939853
866540
960904
1331116
943159
676606
776239
297639
1045016
1285976
1054838
1781124
329335
1697140
312418
234348
1697163
540304
423254
206934
234291
1286078
1053687
2288691
345947
1286027
348527
199655
361631
833849
868772
312466
240284
733178
348723
2288670
875200
1538149
293286
691744
2295043
825709
1331135
329271
538273
939853
866540
960904
1331116
943159
676606
776239
297639
1045016
1285976
1054838
1781124
329335
1697140
312418
234348
1697163
540304
423254
206934
234291
1286078
1053687
2288691
345947
1286027
348527
199655
361631
833849
868772
312466
240284
733178
348723
2288670
875200
1538149
293286
691744
2295043
825709
1331135
329271
538273
939853
866540
960904
1331116
943159
676606
455786
937159
888456
179148
937263
