already_collected.txt
852794606
845985400
845985400
852794606
848649228
852648474
852794606
852794606
833455285
825970185
824959826
823441979
823441979
823912895
823567029
823821459
354276952
354276952
852794606
848649228
364982284
352521087
352521087
504067757
504642018
506776189
378423659
378423659
380740431
381093397
370343987
470916681
470916681
477740755
478866741
481734387
373368812
373368812
370847334
853060770
374351388
852648474
852648474
850605924
678008202
294064638
577479750
577479750
566964438
559851845
646393987
300461821
300461821
301716163
299726072
300817511
510149559
510149559
845985400
783453809
783454616
312021733
312021733
842903049
838471409
838475504
333506858
333506858
333173142
334092219
337484658
266878736
266878736
268527451
275055429
233536312
851771623
848649228
852648474
851712162
848417659
763330430
852794606
845985400
845985400
852794606
848649228
852648474
852794606
852794606
833455285
825970185
824959826
823441979
823441979
823912895
823567029
823821459
354276952
354276952
852794606
848649228
364982284
352521087
352521087
504067757
504642018
506776189
378423659
378423659
380740431
381093397
370343987
470916681
470916681
477740755
478866741
481734387
373368812
373368812
370847334
853060770
374351388
852648474
852648474
850605924
678008202
294064638
577479750
577479750
566964438
559851845
646393987
300461821
300461821
301716163
299726072
300817511
510149559
510149559
845985400
783453809
783454616
312021733
312021733
842903049
838471409
838475504
333506858
333506858
333173142
334092219
337484658
266878736
266878736
268527451
275055429
233536312
851771623
848649228
852648474
851712162
848417659
763330430
852794606
845985400
845985400
852794606
848649228
852648474
852794606
852794606
833455285
825970185
824959826
823441979
823441979
823912895
823567029
823821459
354276952
354276952
852794606
848649228
364982284
352521087
352521087
504067757
504642018
506776189
378423659
378423659
380740431
381093397
370343987
470916681
470916681
477740755
478866741
481734387
